0.488885
0.449064
0.443011
0.447050
0.442770
0.442302
0.442168
0.442922
0.443137
0.443382
0.444258
0.448121
0.443663
0.446575
0.440896
0.439878
0.441512
0.439577
0.441678
0.440620
0.439500
0.440952
0.440035
0.440374
0.439699
0.439600
0.439723
0.440657
0.438977
0.440325
0.440627
0.439523
0.442523
0.441144
0.439841
0.440573
0.441282
0.439323
0.440753
0.444919
0.441576
0.439741
0.439487
0.440041
0.439827
0.441004
0.438894
0.439699
0.440600
0.440424
0.442056
0.440409
0.439367
0.440016
0.440742
0.440020
0.439430
0.439814
0.439532
0.439655
0.440078
0.442189
0.440562
0.440249
0.439553
0.441303
0.440886
0.439386
0.440552
0.463377
0.440183
0.439826
0.441371
0.439810
0.441591
0.440276
0.441286
0.440822
0.439948
0.440510
0.441041
0.440598
0.440234
0.439706
0.440532
0.438791
0.439921
0.440887
0.439134
0.441248
0.440727
0.440720
0.439069
0.440277
0.443230
0.440770
0.440535
0.440616
0.440305
0.439771
