11.956813
11.989834
12.335156000000005
12.291012000000002
12.723748999999998
12.776060999999999
12.519403999999994
12.590839000000003
13.08246299999999
13.150348000000008
12.532484999999994
12.443107999999995
12.869031000000007
12.787251999999995
12.747299999999996
12.838892000000016
12.727217999999993
12.662094999999994
13.074858000000006
14.022845000000018
14.308978000000025
14.220182999999963
14.551335999999992
14.563952000000029
14.020348999999953
13.636685
13.44407700000005
13.86772400000001
14.179490999999985
13.735983000000033
13.794438000000014
13.442230999999992
13.133743000000038
14.270007000000021
13.799817000000019
13.902156999999988
13.60884100000004
13.844404999999995
13.100491000000034
13.00980299999992
13.170499999999947
12.73044200000004
12.743667999999957
12.775826000000052
13.292224999999917
13.382027999999991
14.307410000000004
14.178112000000056
14.053614000000039
13.235428999999954
13.006031000000007
13.339870000000019
13.860551999999984
13.79688699999997
13.813619000000017
13.117312000000084
13.638515999999981
13.703458999999953
13.720784999999978
13.584577999999965
12.888613999999961
13.392638000000034
13.444308999999976
13.463048999999955
13.46958399999994
13.250459999999975
12.818164000000024
13.1662970000001
13.53149099999996
13.454118999999992
14.262227999999936
13.553521000000046
