0.064365
0.10944599999999999
0.039032999999999984
0.02786500000000003
0.021892000000000023
0.019455
0.045387999999999984
0.09001599999999998
0.022075999999999985
0.020618000000000025
0.019048999999999983
0.018793999999999977
0.017611000000000043
0.03156400000000015
0.01611600000000002
0.018294000000000032
0.027263000000000037
0.021726000000000134
0.04951800000000017
0.03708
0.08248300000000008
0.023090000000000055
0.023573000000000066
0.02090599999999987
0.018375999999999948
0.022048000000000068
0.017723000000000155
0.020675
0.03092000000000006
0.01809100000000008
0.06783899999999998
0.02981900000000004
0.022221000000000046
0.018777000000000044
0.026972999999999914
0.019042000000000225
0.019594999999999807
0.020452999999999832
0.021457999999999977
0.019518999999999842
0.018669000000000047
0.020154000000000227
0.018186000000000035
0.018536000000000108
0.03838600000000003
0.02206299999999972
0.0463969999999998
0.08153800000000011
0.025638999999999967
0.11652700000000005
0.02163499999999985
0.02622900000000028
0.07250800000000002
0.026168999999999887
0.031185999999999936
0.025049999999999795
0.04945999999999984
0.025260999999999978
0.030370000000000008
0.017574999999999896
0.031464999999999854
0.03430599999999995
0.021087000000000078
0.08383099999999999
0.054227000000000025
0.029244999999999965
0.028340000000000032
0.020837999999999912
0.09617399999999998
0.12604499999999996
0.06720900000000007
0.06656700000000004
0.06926900000000025
0.03453100000000031
0.035191000000000194
0.033351999999999826
0.022945999999999245
0.022218999999999767
0.02753899999999998
0.02086800000000011
0.019547000000000203
0.05939899999999998
0.03468300000000024
0.03131100000000053
0.04811299999999985
0.028052999999999884
0.042455999999999605
0.020618999999999943
0.03162100000000034
0.019587999999999717
0.054541999999999646
0.09523400000000048
0.03774600000000028
0.023775000000000546
0.03681900000000038
0.01809399999999961
0.023244000000000042
0.01979000000000042
0.029751000000000083
0.027575999999999823
